Classification Report:
              precision    recall  f1-score   support

           A     1.0000    1.0000    1.0000       100
           B     1.0000    1.0000    1.0000       100
       Blank     1.0000    1.0000    1.0000       100
           C     0.9901    1.0000    0.9950       100
           D     1.0000    1.0000    1.0000       100
           E     1.0000    1.0000    1.0000       100
           F     1.0000    1.0000    1.0000       100
           G     1.0000    1.0000    1.0000       100
           H     1.0000    0.9900    0.9950       100
           I     1.0000    1.0000    1.0000       100
           J     1.0000    1.0000    1.0000       100
           K     1.0000    1.0000    1.0000       100
           L     1.0000    1.0000    1.0000       100
           M     1.0000    1.0000    1.0000       100
           N     1.0000    1.0000    1.0000       100
           O     1.0000    1.0000    1.0000       100
           P     1.0000    1.0000    1.0000       100
           Q     1.0000    1.0000    1.0000       100
           R     1.0000    1.0000    1.0000       100
           S     1.0000    1.0000    1.0000       100
           T     1.0000    1.0000    1.0000       100
           U     1.0000    1.0000    1.0000       100
           V     1.0000    1.0000    1.0000       100
           W     1.0000    1.0000    1.0000       100
           X     1.0000    1.0000    1.0000       100
           Y     1.0000    1.0000    1.0000       100
           Z     1.0000    1.0000    1.0000       100

    accuracy                         0.9996      2700
   macro avg     0.9996    0.9996    0.9996      2700
weighted avg     0.9996    0.9996    0.9996      2700