Classification Report:
              precision    recall  f1-score   support

           A       0.94      0.97      0.96       100
           B       0.99      0.92      0.95       100
       Blank       1.00      0.98      0.99       100
           C       0.99      0.98      0.98       100
           D       0.94      0.88      0.91       100
           E       0.91      0.94      0.93       100
           F       0.94      0.94      0.94       100
           G       0.91      0.96      0.93       100
           H       0.98      1.00      0.99       100
           I       0.91      0.89      0.90       100
           J       0.86      0.93      0.89       100
           K       0.94      0.88      0.91       100
           L       0.98      0.94      0.96       100
           M       0.80      0.90      0.85       100
           N       0.87      0.82      0.85       100
           O       0.97      0.99      0.98       100
           P       0.92      0.95      0.94       100
           Q       0.94      0.82      0.88       100
           R       0.96      0.94      0.95       100
           S       0.99      0.80      0.88       100
           T       0.85      0.97      0.91       100
           U       0.88      0.94      0.91       100
           V       0.81      0.90      0.85       100
           W       0.92      0.87      0.89       100
           X       0.84      0.92      0.88       100
           Y       0.97      0.96      0.96       100
           Z       0.97      0.91      0.94       100

    accuracy                           0.92      2700
   macro avg       0.93      0.92      0.92      2700
weighted avg       0.93      0.92      0.92      2700