Classification Report:
              precision    recall  f1-score   support

           A       0.97      0.97      0.97       100
           B       0.97      0.98      0.98       100
       Blank       0.98      1.00      0.99       100
           C       0.97      0.93      0.95       100
           D       0.89      0.91      0.90       100
           E       0.93      0.93      0.93       100
           F       0.79      0.92      0.85       100
           G       0.91      0.94      0.93       100
           H       0.96      0.96      0.96       100
           I       0.99      0.88      0.93       100
           J       0.94      0.94      0.94       100
           K       0.93      0.92      0.92       100
           L       0.90      0.90      0.90       100
           M       0.88      0.73      0.80       100
           N       0.87      0.90      0.89       100
           O       0.93      0.91      0.92       100
           P       0.60      0.89      0.72       100
           Q       0.80      0.88      0.84       100
           R       0.92      0.86      0.89       100
           S       0.97      0.90      0.93       100
           T       0.96      0.96      0.96       100
           U       0.98      0.87      0.92       100
           V       0.89      0.90      0.90       100
           W       0.93      0.83      0.88       100
           X       0.99      0.80      0.88       100
           Y       0.99      0.90      0.94       100
           Z       0.85      0.96      0.90       100

    accuracy                           0.91      2700
   macro avg       0.91      0.91      0.91      2700
weighted avg       0.91      0.91      0.91      2700